Sliding Misplaced Output for file4
(4 x 4 Board)
 
Sequence of boards: 
 2  7  0  8 
10  4 14  5 
 1 13 11 15 
12  6  9  3 

 2  7 14  8 
10  4  0  5 
 1 13 11 15 
12  6  9  3 

 2  7 14  8 
10  4  5  0 
 1 13 11 15 
12  6  9  3 

 2  7 14  8 
10  4  5 15 
 1 13 11  0 
12  6  9  3 

 2  7 14  8 
10  4  5 15 
 1 13  0 11 
12  6  9  3 

 2  7 14  8 
10  4  5 15 
 1 13  9 11 
12  6  0  3 

 2  7 14  8 
10  4  5 15 
 1 13  9 11 
12  6  3  0 

 2  7 14  8 
10  4  5 15 
 1 13  9  0 
12  6  3 11 

 2  7 14  8 
10  4  5 15 
 1 13  0  9 
12  6  3 11 

 2  7 14  8 
10  4  5 15 
 1  0 13  9 
12  6  3 11 

 2  7 14  8 
10  4  5 15 
 0  1 13  9 
12  6  3 11 

 2  7 14  8 
 0  4  5 15 
10  1 13  9 
12  6  3 11 

 0  7 14  8 
 2  4  5 15 
10  1 13  9 
12  6  3 11 

 7  0 14  8 
 2  4  5 15 
10  1 13  9 
12  6  3 11 

 7  4 14  8 
 2  0  5 15 
10  1 13  9 
12  6  3 11 

 7  4 14  8 
 2  5  0 15 
10  1 13  9 
12  6  3 11 

 7  4 14  8 
 2  5 15  0 
10  1 13  9 
12  6  3 11 

 7  4 14  8 
 2  5 15  9 
10  1 13  0 
12  6  3 11 

 7  4 14  8 
 2  5 15  9 
10  1  0 13 
12  6  3 11 

 7  4 14  8 
 2  5  0  9 
10  1 15 13 
12  6  3 11 

 7  4 14  8 
 2  0  5  9 
10  1 15 13 
12  6  3 11 

 7  4 14  8 
 2  1  5  9 
10  0 15 13 
12  6  3 11 

 7  4 14  8 
 2  1  5  9 
10  6 15 13 
12  0  3 11 

 7  4 14  8 
 2  1  5  9 
10  6 15 13 
12  3  0 11 

 7  4 14  8 
 2  1  5  9 
10  6  0 13 
12  3 15 11 

 7  4 14  8 
 2  1  5  9 
10  6 13  0 
12  3 15 11 

 7  4 14  8 
 2  1  5  9 
10  6 13 11 
12  3 15  0 

 7  4 14  8 
 2  1  5  9 
10  6 13 11 
12  3  0 15 

 7  4 14  8 
 2  1  5  9 
10  6 13 11 
12  0  3 15 

 7  4 14  8 
 2  1  5  9 
10  0 13 11 
12  6  3 15 

 7  4 14  8 
 2  0  5  9 
10  1 13 11 
12  6  3 15 

 7  0 14  8 
 2  4  5  9 
10  1 13 11 
12  6  3 15 

 7 14  0  8 
 2  4  5  9 
10  1 13 11 
12  6  3 15 

 7 14  5  8 
 2  4  0  9 
10  1 13 11 
12  6  3 15 

 7 14  5  8 
 2  0  4  9 
10  1 13 11 
12  6  3 15 

 7 14  5  8 
 2  1  4  9 
10  0 13 11 
12  6  3 15 

 7 14  5  8 
 2  1  4  9 
10 13  0 11 
12  6  3 15 

 7 14  5  8 
 2  1  0  9 
10 13  4 11 
12  6  3 15 

 7 14  0  8 
 2  1  5  9 
10 13  4 11 
12  6  3 15 

 7  0 14  8 
 2  1  5  9 
10 13  4 11 
12  6  3 15 

 7  1 14  8 
 2  0  5  9 
10 13  4 11 
12  6  3 15 

 7  1 14  8 
 2 13  5  9 
10  0  4 11 
12  6  3 15 

 7  1 14  8 
 2 13  5  9 
10  4  0 11 
12  6  3 15 

 7  1 14  8 
 2 13  0  9 
10  4  5 11 
12  6  3 15 

 7  1 14  8 
 2  0 13  9 
10  4  5 11 
12  6  3 15 

 7  0 14  8 
 2  1 13  9 
10  4  5 11 
12  6  3 15 

 7 14  0  8 
 2  1 13  9 
10  4  5 11 
12  6  3 15 

 7 14 13  8 
 2  1  0  9 
10  4  5 11 
12  6  3 15 

 7 14 13  8 
 2  1  5  9 
10  4  0 11 
12  6  3 15 

 7 14 13  8 
 2  1  5  9 
10  0  4 11 
12  6  3 15 

 7 14 13  8 
 2  0  5  9 
10  1  4 11 
12  6  3 15 

 7  0 13  8 
 2 14  5  9 
10  1  4 11 
12  6  3 15 

 7 13  0  8 
 2 14  5  9 
10  1  4 11 
12  6  3 15 

 7 13  5  8 
 2 14  0  9 
10  1  4 11 
12  6  3 15 

 7 13  5  8 
 2  0 14  9 
10  1  4 11 
12  6  3 15 

 7 13  5  8 
 2  1 14  9 
10  0  4 11 
12  6  3 15 

 7 13  5  8 
 2  1 14  9 
10  4  0 11 
12  6  3 15 

 7 13  5  8 
 2  1 14  9 
10  4 11  0 
12  6  3 15 

 7 13  5  8 
 2  1 14  0 
10  4 11  9 
12  6  3 15 

 7 13  5  8 
 2  1  0 14 
10  4 11  9 
12  6  3 15 

 7 13  5  8 
 2  1 11 14 
10  4  0  9 
12  6  3 15 

 7 13  5  8 
 2  1 11 14 
10  0  4  9 
12  6  3 15 

 7 13  5  8 
 2  0 11 14 
10  1  4  9 
12  6  3 15 

 7 13  5  8 
 2 11  0 14 
10  1  4  9 
12  6  3 15 

 7 13  5  8 
 2 11 14  0 
10  1  4  9 
12  6  3 15 

 7 13  5  8 
 2 11 14  9 
10  1  4  0 
12  6  3 15 

 7 13  5  8 
 2 11 14  9 
10  1  0  4 
12  6  3 15 

 7 13  5  8 
 2 11  0  9 
10  1 14  4 
12  6  3 15 

 7 13  5  8 
 2  0 11  9 
10  1 14  4 
12  6  3 15 

 7 13  5  8 
 2  1 11  9 
10  0 14  4 
12  6  3 15 

 7 13  5  8 
 2  1 11  9 
10 14  0  4 
12  6  3 15 

 7 13  5  8 
 2  1  0  9 
10 14 11  4 
12  6  3 15 

 7 13  0  8 
 2  1  5  9 
10 14 11  4 
12  6  3 15 

 7  0 13  8 
 2  1  5  9 
10 14 11  4 
12  6  3 15 

 7  1 13  8 
 2  0  5  9 
10 14 11  4 
12  6  3 15 

 7  1 13  8 
 2 14  5  9 
10  0 11  4 
12  6  3 15 

 7  1 13  8 
 2 14  5  9 
10 11  0  4 
12  6  3 15 

 7  1 13  8 
 2 14  0  9 
10 11  5  4 
12  6  3 15 

 7  1 13  8 
 2  0 14  9 
10 11  5  4 
12  6  3 15 

 7  0 13  8 
 2  1 14  9 
10 11  5  4 
12  6  3 15 

 7 13  0  8 
 2  1 14  9 
10 11  5  4 
12  6  3 15 

 7 13 14  8 
 2  1  0  9 
10 11  5  4 
12  6  3 15 

 7 13 14  8 
 2  1  5  9 
10 11  0  4 
12  6  3 15 

 7 13 14  8 
 2  1  5  9 
10 11  4  0 
12  6  3 15 

Number of Swaps: 83
Run Time: 7850 Milliseconds
